2683
954 11163
1125 11331
1296 11499
1467 11667
1657 11796
1847 11925
2037 12054
2238 12207
2439 12360
2640 12513
2878 12523
3116 12533
3354 12543
3518 12493
3682 12443
3846 12393
8463 7794
8022 7527
7581 7260
7140 6993
6731 6624
6322 6255
5913 5886
5521 5494
5129 5102
4737 4710
4599 5158
4461 5606
4323 6054
4214 6774
4105 7494
3996 8214
3995 9017
3994 9820
3993 10623
3921 10962
3849 11301
3777 11640
3728 11861
3679 12082
3630 12303
4092 12912
4554 13521
5016 14130
5115 14201
5214 14272
5313 14343
5424 14243
5535 14143
5646 14043
5654 13804
5662 13565
5670 13326
5850 12873
6030 12420
6210 11967
6568 11400
6926 10833
7284 10266
7594 9796
7904 9326
8214 8856
8436 8512
8658 8168
8880 7824
9039 7645
9198 7466
9357 7287
9500 7077
9643 6867
9786 6657
9904 6326
10022 5995
10140 5664
10221 5686
10302 5708
10383 5730
10464 5391
10545 5052
10626 4713
10803 4540
10980 4367
11157 4194
11408 4287
11659 4380
11910 4473
12218 5012
12526 5551
12834 6090
13024 6299
13214 6508
13404 6717
13654 6877
13904 7037
14154 7197
7497 7227
8397 6658
9297 6089
10197 5520
8814 5910
9276 5450
9738 4990
10200 4530
10599 4271
10998 4012
11397 3753
9447 5457
9749 5278
10051 5099
10353 4920
1833 6300
2051 5882
2269 5464
2487 5046
2709 4485
2931 3924
3153 3363
3370 2581
3587 1799
3804 1017
3774 6153
3766 5741
3758 5329
3750 4917
3998 4207
4246 3497
4494 2787
7014 4320
7175 3701
7336 3082
7497 2463
11196 504
11354 1164
11512 1824
11670 2484
11849 2917
12028 3350
12207 3783
12549 4214
12891 4645
13233 5076
13400 5346
13567 5616
13734 5886
13766 6036
13798 6186
13830 6336
14068 6475
14306 6614
14544 6753
14847 7054
15150 7355
15453 7656
15554 8114
15655 8572
15756 9030
15973 8880
16190 8730
16407 8580
15747 7956
16028 7053
16309 6150
16590 5247
16749 5880
16908 6513
17067 7146
16916 7644
16765 8142
16614 8640
16314 9159
16014 9678
15714 10197
11436 3480
11412 2952
11388 2424
11364 1896
20034 8916
19974 8445
19914 7974
19854 7503
19488 6702
19122 5901
18756 5100
18442 4080
18128 3060
17814 2040
17607 1528
17400 1016
17193 504
19200 4524
18989 3208
18778 1892
18567 576
20874 6690
20738 5261
20602 3832
20466 2403
20443 1801
20420 1199
20397 597
20496 2523
20715 2870
20934 3217
21153 3564
20550 1404
20720 1595
20890 1786
21060 1977
21148 2280
21236 2583
21324 2886
16797 11667
17379 11406
17961 11145
18543 10884
18981 10748
19419 10612
19857 10476
20149 10232
20441 9988
20733 9744
20932 9498
21131 9252
21330 9006
17976 15207
17894 14859
17812 14511
17730 14163
17690 14013
17650 13863
17610 13713
17519 13624
17428 13535
17337 13446
17257 13165
17177 12884
17097 12603
16939 12204
16781 11805
16623 11406
16441 11145
16259 10884
16077 10623
15896 10432
15715 10241
15534 10050
15397 9840
15260 9630
15123 9420
14744 9079
14365 8738
13986 8397
17280 14103
17248 14260
17216 14417
17184 14574
17187 14916
17257 15193
17327 15470
17397 15747
17418 16070
17439 16393
17460 16716
17492 17176
17524 17636
17556 18096
16704 13623
16594 13171
16484 12719
16374 12267
16195 11887
16016 11507
15837 11127
15640 10750
15443 10373
15246 9996
7086 15210
7033 14492
6980 13774
6927 13056
7068 12654
7209 12252
7350 11850
7579 11528
7808 11206
8037 10884
8156 10628
8275 10372
8394 10116
8417 9904
8440 9692
8463 9480
8526 11976
8656 11454
8786 10932
8916 10410
9166 9950
9416 9490
9666 9030
9914 8812
10162 8594
10410 8376
10960 8285
11510 8194
12060 8103
12492 8131
12924 8159
13356 8187
13622 8338
13888 8489
14154 8640
8964 8850
9264 8619
9564 8388
9864 8157
10116 8120
10368 8083
10620 8046
10822 8083
11024 8120
11226 8157
11034 11367
11394 11248
11754 11129
12114 11010
12605 11031
13096 11052
13587 11073
13868 11264
14149 11455
14430 11646
16107 13533
16160 13281
16213 13029
16266 12777
9534 13026
9514 12722
9494 12418
9474 12114
9690 13653
9942 13832
10194 14011
10446 14190
13074 13974
13078 13864
13082 13754
13086 13644
10944 15237
10734 15059
10524 14881
10314 14703
9837 13293
10050 13124
10263 12955
10476 12786
10755 12594
11034 12402
11313 12210
11673 12128
12033 12046
12393 11964
12781 12005
13169 12046
13557 12087
13826 12218
14095 12349
14364 12480
14518 12581
14672 12682
14826 12783
14895 12882
14964 12981
15033 13080
14800 13078
14567 13076
14334 13074
14156 13094
13978 13114
13800 13134
13592 13098
13384 13062
13176 13026
12975 13072
12774 13118
12573 13164
12303 13235
12033 13306
11763 13377
11531 13357
11299 13337
11067 13317
10808 13348
10549 13379
10290 13410
10160 13372
10030 13334
9900 13296
11097 12396
11196 12443
11295 12490
11394 12537
11616 12496
11838 12455
12060 12414
12331 12376
12602 12338
12873 12300
13082 12298
13291 12296
13500 12294
13548 12295
13596 12296
13644 12297
13664 12247
13684 12197
13704 12147
10356 13266
10362 13176
10368 13086
10374 12996
10584 12903
10794 12810
11004 12717
11124 12709
11244 12701
11364 12693
11647 12662
11930 12631
12213 12600
12502 12548
12791 12496
13080 12444
13248 12475
13416 12506
13584 12537
13668 12569
13752 12601
13836 12633
13956 12633
14076 12633
14196 12633
14293 12673
14390 12713
14487 12753
14489 12833
14491 12913
14493 12993
5493 14034
5580 14205
5667 14376
5754 14547
5727 14669
5700 14791
5673 14913
5847 15144
5739 15027
5631 14910
5523 14793
5421 14780
5319 14767
5217 14754
5096 14808
4975 14862
4854 14916
4735 15122
4616 15328
4497 15534
4406 15825
4315 16116
4224 16407
4214 16679
4204 16951
4194 17223
4185 17424
4176 17625
4167 17826
4157 18166
4147 18506
4137 18846
4647 17814
4640 17567
4633 17320
4626 17073
4666 16784
4706 16495
4746 16206
5196 16443
5343 16314
5490 16185
5637 16056
5610 16295
5583 16534
5556 16773
5094 15633
5157 15523
5220 15413
5283 15303
6213 16686
6210 16503
6207 16320
6204 16137
6118 15859
6032 15581
5946 15303
16014 8433
16134 8073
16254 7713
16374 7353
11100 4344
11322 4515
11544 4686
11766 4857
11955 5179
12144 5501
12333 5823
12442 6124
12551 6425
12660 6726
12701 6955
12742 7184
12783 7413
13040 7623
13297 7833
13554 8043
13854 8322
14154 8601
14454 8880
13044 6447
13214 6727
13384 7007
13554 7287
13778 7597
14002 7907
14226 8217
14362 8510
14498 8803
14634 9096
7500 13446
7499 13303
7498 13160
7497 13017
7569 12897
7641 12777
7713 12657
17880 15510
17861 15748
17842 15986
17823 16224
17680 16227
17537 16230
17394 16233
12837 17856
12827 17652
12817 17448
12807 17244
12709 17047
12611 16850
12513 16653
12352 16440
12191 16227
12030 16014
11858 15834
11686 15654
11514 15474
11216 15436
10918 15398
10620 15360
10258 15388
9896 15416
9534 15444
9265 15576
8996 15708
8727 15840
8578 16078
8429 16316
8280 16554
8269 16916
8258 17278
8247 17640
8259 17868
8271 18096
8283 18324
8451 18498
8619 18672
8787 18846
9036 18985
9285 19124
9534 19263
9927 19230
10320 19197
10713 19164
11041 19117
11369 19070
11697 19023
11940 18841
12183 18659
12426 18477
12566 18280
12706 18083
12846 17886
13075 17904
13304 17922
13533 17940
13744 17880
13955 17820
14166 17760
14143 17490
14120 17220
14097 16950
14136 16742
14175 16534
14214 16326
14327 16043
14440 15760
14553 15477
14734 15276
14915 15075
15096 14874
15355 14826
15614 14778
15873 14730
16200 14708
16527 14686
16854 14664
17127 14736
17400 14808
17673 14880
17873 15179
18073 15478
18273 15777
18343 16156
18413 16535
18483 16914
18431 17134
18379 17354
18327 17574
18249 17707
18171 17840
18093 17973
17872 18092
17651 18211
17430 18330
17118 18390
16806 18450
16494 18510
16235 18521
15976 18532
15717 18543
15459 18533
15201 18523
14943 18513
14782 18380
14621 18247
14460 18114
14339 17986
14218 17858
14097 17730
11523 15444
11581 15306
11639 15168
11697 15030
11795 14973
11893 14916
11991 14859
12117 14887
12243 14915
12369 14943
12567 14839
12765 14735
12963 14631
13094 14521
13225 14411
13356 14301
13454 14282
13552 14263
13650 14244
13751 14256
13852 14268
13953 14280
14054 14348
14155 14416
14256 14484
14307 14574
14358 14664
14409 14754
14468 14765
14527 14776
14586 14787
14654 14777
14722 14767
14790 14757
14773 14971
14756 15185
14739 15399
14614 15713
14489 16027
14364 16341
14338 16541
14312 16741
14286 16941
14283 17146
14280 17351
14277 17556
14300 17852
14323 18148
14346 18444
12066 14919
12126 14869
12186 14819
12246 14769
12353 14716
12460 14663
12567 14610
12690 14562
12813 14514
12936 14466
13011 14442
13086 14418
13161 14394
14223 14463
14275 14462
14327 14461
14379 14460
14448 14481
14517 14502
14586 14523
14591 14562
14596 14601
14601 14640
9309 17703
9459 17793
9609 17883
9759 17973
9963 18015
10167 18057
10371 18099
10595 18106
10819 18113
11043 18120
11194 18098
11345 18076
11496 18054
11585 17999
11674 17944
11763 17889
11741 17813
11719 17737
11697 17661
11567 17632
11437 17603
11307 17574
11056 17569
10805 17564
10554 17559
10303 17586
10052 17613
9801 17640
9641 17647
9481 17654
9321 17661
9807 17313
9961 17230
10115 17147
10269 17064
10495 17045
10721 17026
10947 17007
11086 17066
11225 17125
11364 17184
14367 17367
14481 17431
14595 17495
14709 17559
14908 17583
15107 17607
15306 17631
15514 17605
15722 17579
15930 17553
16079 17491
16228 17429
16377 17367
16540 17221
16703 17075
16866 16929
16795 16915
16724 16901
16653 16887
16533 16900
16413 16913
16293 16926
16033 16956
15773 16986
15513 17016
15291 17091
15069 17166
14847 17241
14731 17234
14615 17227
14499 17220
14444 17272
14389 17324
14334 17376
14754 16920
14905 16840
15056 16760
15207 16680
15371 16627
15535 16574
15699 16521
15909 16535
16119 16549
16329 16563
14844 18195
15079 18067
15314 17939
15549 17811
15781 17828
16013 17845
16245 17862
16466 17775
16687 17688
16908 17601
17057 17526
17206 17451
17355 17376
17306 17530
17257 17684
17208 17838
17035 17967
16862 18096
16689 18225
16407 18314
16125 18403
15843 18492
15530 18556
15217 18620
14904 18684
14773 18643
14642 18602
14511 18561
14641 18420
14771 18279
14901 18138
9384 18777
9556 18708
9728 18639
9900 18570
10195 18555
10490 18540
10785 18525
11141 18454
11497 18383
11853 18312
12040 18335
12227 18358
12414 18381
12478 18450
12542 18519
12606 18588
12503 18652
12400 18716
12297 18780
12036 18842
11775 18904
11514 18966
11112 18978
10710 18990
10308 19002
10149 18983
9990 18964
9831 18945
9678 18874
9525 18803
9372 18732
9855 18717
10224 18741
10593 18765
10962 18789
11284 18744
11606 18699
11928 18654
15246 18285
15384 18229
15522 18173
15660 18117
15838 18122
16016 18127
16194 18132
16481 18005
16768 17878
17055 17751
15708 18321
15930 18290
16152 18259
16374 18228
16587 18125
16800 18022
17013 17919
10416 18915
10849 18878
11282 18841
11715 18804
10284 18636
10549 18653
10814 18670
11079 18687
11241 18639
11403 18591
11565 18543
11721 18566
11877 18589
12033 18612
10443 17985
10440 17893
10437 17801
10434 17709
11091 17667
11157 17722
11223 17777
11289 17832
11262 17884
11235 17936
11208 17988
15135 17505
15109 17478
15083 17451
15057 17424
15073 17379
15089 17334
15105 17289
15729 17031
15785 17070
15841 17109
15897 17148
15898 17246
15899 17344
15900 17442
15642 17499
15671 17453
15700 17407
15729 17361
15706 17317
15683 17273
15660 17229
15593 17229
15526 17229
15459 17229
15404 17261
15349 17293
15294 17325
15294 17358
15294 17391
15294 17424
15337 17466
15380 17508
15423 17550
15471 17539
15519 17528
15567 17517
10923 18015
10966 17969
11009 17923
11052 17877
11004 17814
10956 17751
10908 17688
10828 17676
10748 17664
10668 17652
10616 17717
10564 17782
10512 17847
10562 17890
10612 17933
10662 17976
11607 17868
11595 17832
11583 17796
11571 17760
11619 17744
11667 17728
11715 17712
11683 17755
11651 17798
11619 17841
14451 17481
14487 17495
14523 17509
14559 17523
14583 17445
14607 17367
14631 17289
14555 17331
14479 17373
14403 17415
12312 16707
12383 16897
12454 17087
12525 17277
12523 17526
12521 17775
12519 18024
8586 18642
8503 18629
8420 18616
8337 18603
8343 18675
8349 18747
8355 18819
8515 18822
8675 18825
8835 18828
8295 18858
8130 18860
7965 18862
7800 18864
7595 18940
7390 19016
7185 19092
7146 18828
7300 18765
7454 18702
7608 18639
7860 18629
8112 18619
8364 18609
18408 17223
18506 17268
18604 17313
18702 17358
18703 17406
18704 17454
18705 17502
18472 17543
18239 17584
18006 17625
17829 17661
17652 17697
17475 17733
17502 17409
17774 17371
18046 17333
18318 17295
10710 12894
10714 13001
10718 13108
10722 13215
11373 12705
11356 12881
11339 13057
11322 13233
11859 12675
11871 12845
11883 13015
11895 13185
12357 12678
12363 12813
12369 12948
12375 13083
13023 12549
13025 12671
13027 12793
13029 12915
13572 12576
13583 12698
13594 12820
13605 12942
13884 12603
13889 12715
13894 12827
13899 12939
15078 12132
15287 12368
15496 12604
15705 12840
11655 12384
11658 12330
11661 12276
11664 12222
11868 12345
11875 12305
11882 12265
11889 12225
12300 12276
12304 12207
12308 12138
12312 12069
12738 12243
12726 12191
12714 12139
12702 12087
13032 12216
13046 12173
13060 12130
13074 12087
13389 12285
13386 12225
13383 12165
13380 12105
4869 13881
4612 13974
4355 14067
4098 14160
4105 14347
4112 14534
4119 14721
4076 15084
4033 15447
3990 15810
3877 16166
3764 16522
3651 16878
3508 16968
3365 17058
3222 17148
3155 17208
3088 17268
3021 17328
2968 17563
2915 17798
2862 18033
2973 18260
3084 18487
3195 18714
3221 18841
3247 18968
3273 19095
3176 19186
3079 19277
2982 19368
3022 19496
3062 19624
3102 19752
2925 20031
2748 20310
2571 20589
2770 20493
2969 20397
3168 20301
3386 20293
3604 20285
3822 20277
3983 20445
4144 20613
4305 20781
4316 21099
4327 21417
4338 21735
4516 22120
4694 22505
4872 22890
5056 23351
5240 23812
5424 24273
5645 24609
5866 24945
6087 25281
6310 25649
6533 26017
6756 26385
7007 26543
7258 26701
7509 26859
7768 27091
8027 27323
8286 27555
8608 27619
8930 27683
9252 27747
9703 27667
10154 27587
10605 27507
11161 27643
11717 27779
12273 27915
12663 27972
13053 28029
13443 28086
13685 27948
13927 27810
14169 27672
14335 27532
14501 27392
14667 27252
14971 27142
15275 27032
15579 26922
15791 26904
16003 26886
16215 26868
16369 26754
16523 26640
16677 26526
17083 26361
17489 26196
17895 26031
18160 25619
18425 25207
18690 24795
18674 24459
18658 24123
18642 23787
18785 23764
18928 23741
19071 23718
19118 23465
19165 23212
19212 22959
19271 22710
19330 22461
19389 22212
19412 21932
19435 21652
19458 21372
19424 21299
19390 21226
19356 21153
19441 20782
19526 20411
19611 20040
19585 19601
19559 19162
19533 18723
19440 18496
19347 18269
19254 18042
19172 17939
19090 17836
19008 17733
18972 17480
18936 17227
18900 16974
18714 16659
18528 16344
18342 16029
4035 19044
4216 18854
4397 18664
4578 18474
4893 18219
5208 17964
5523 17709
5803 17398
6083 17087
6363 16776
6394 17030
6425 17284
6456 17538
6612 17648
6768 17758
6924 17868
6973 18217
7022 18566
7071 18915
7260 19177
7449 19439
7638 19701
7693 20150
7748 20599
7803 21048
8060 21416
8317 21784
8574 22152
9098 22184
9622 22216
10146 22248
10397 22149
10648 22050
10899 21951
11432 21797
11965 21643
12498 21489
13046 21441
13594 21393
14142 21345
14335 21395
14528 21445
14721 21495
15080 21509
15439 21523
15798 21537
16088 21611
16378 21685
16668 21759
16860 21853
17052 21947
17244 22041
17369 21795
17494 21549
17619 21303
17689 20969
17759 20635
17829 20301
17811 19930
17793 19559
17775 19188
17734 18894
17693 18600
17652 18306
21336 9063
21973 8044
22610 7025
23247 6006
23527 5185
23807 4364
24087 3543
24288 2434
24489 1325
24690 216
31440 1860
31441 1560
31442 1260
31443 960
31420 911
31397 862
31374 813
31327 792
31280 771
31233 750
31161 772
31089 794
31017 816
31006 866
30995 916
30984 966
31914 1830
31916 1472
31918 1114
31920 756
32100 756
32260 756
32420 756
798 22215
892 22272
986 22329
1080 22386
1204 22431
1328 22476
1452 22521
1624 22532
1796 22543
1968 22554
2076 22549
2184 22544
2292 22539
2421 22522
2550 22505
2679 22488
2819 22445
2959 22402
3099 22359
3345 22279
3591 22199
3837 22119
4035 22062
4233 22005
4431 21948
19509 21891
19711 21847
19913 21803
20115 21759
20328 21693
20541 21627
20754 21561
20906 21451
21058 21341
21210 21231
21338 21143
21466 21055
21594 20967
21727 20889
21860 20811
21993 20733
22151 20642
22309 20551
22467 20460
22797 20380
23127 20300
23457 20220
23609 20189
23761 20158
23913 20127
24263 20127
24613 20127
24963 20127
25104 20168
25245 20209
25386 20250
25724 20330
26062 20410
26400 20490
26662 20602
26924 20714
27186 20826
27405 20915
27624 21004
27843 21093
28071 21154
28299 21215
28527 21276
28776 21225
29025 21174
29274 21123
29434 21131
29594 21139
29754 21147
29966 21060
30178 20973
30390 20886
30660 20816
30930 20746
31200 20676
31392 20625
31584 20574
31776 20523
31975 20440
32174 20357
32373 20274
32484 20187
32595 20100
32706 20013
16454 121
16507 473
16560 825
16666 1529
20396 121
20555 544
20714 967
21032 1813
19974 124
19710 528
19446 932
18918 1740
10681 193
10470 316
10259 439
9837 685
10928 580
11175 967
11669 1741
15470 332
15347 1036
15224 1740
14978 3148
13570 404
13323 650
13076 896
12582 1388
27069 421
26558 861
25536 1741
10048 562
9503 1143
9169 1601
8501 2517
24060 896
23901 1195
23742 1494
23424 2092
12829 1142
16613 1177
26047 1301
19182 1336
11422 1354
20873 1390
3855 1602
4048 1883
4241 2164
4627 2726
16737 1672
17054 1865
17371 2058
18005 2444
11792 2040
11915 2339
12161 2937
24938 2164
24340 2587
23144 3433
23583 1793
18988 1812
19076 2199
19164 2586
19340 3360
21030 1952
21030 2339
21030 2726
21030 3500
30500 2000
30701 2000
31099 2000
30500 2500
30500 2800
30500 3000
30702 2000
31501 2001
31702 2001
32000 2001
31501 2501
31501 2801
31703 2001
32000 2501
32000 3001
8835 2059
17688 2251
15101 2444
18374 2937
18743 3430
19481 4416
4434 2445
24060 2447
23813 2552
23566 2657
23072 2867
30501 2500
31001 2500
30502 2500
31502 2501
31503 2501
32000 2502
8114 3080
7727 3643
6953 4769
12038 2638
23319 2762
12214 3166
12267 3395
12373 3853
19252 2973
30600 3000
30601 3000
31002 3000
30602 3000
31501 3001
31601 3001
31602 3001
31603 3001
23742 3010
21030 3113
14538 3465
14098 3782
13218 4416
19200 3219
19323 3536
19446 3853
19692 4487
22845 3591
22546 3749
21948 4065
20995 3712
20960 3924
20890 4348
12320 3624
2937 3641
3113 3747
3289 3853
3641 4065
12566 3976
12759 4099
13145 4345
22247 3907
19112 3923
3465 3959
3853 4223
4065 4381
4489 4697
21895 4153
21842 4241
21736 4417
13658 4099
20925 4136
19569 4170
7340 4206
12952 4222
21789 4329
20855 4524
20820 4700
20750 5052
12531 5103
11844 5790
10470 7164
21507 4523
21278 4629
20820 4841
19481 4486
19640 4486
19799 4486
20117 4486
19958 4486
4277 4539
20185 4556
20080 5084
19975 5612
19765 6668
4788 4856
5087 5015
5685 5333
21049 4735
6900 4980
6847 5191
6741 5613
20802 4999
20784 5157
20748 5473
20785 4876
5386 5174
20766 5315
5861 5456
6037 5579
6389 5825
6794 5402
20660 5807
20572 6141
20396 6809
6653 5666
6565 5719
6794 5754
6847 5895
6953 6177
16670 5686
16212 5756
15754 5826
14838 5966
16687 5704
16704 5722
16738 5758
6213 5702
16721 5740
16756 5758
16774 5758
16810 5758
16792 5758
17074 5828
17338 5898
17866 6038
6477 5772
15296 5896
14766 5966
14397 6125
14028 6284
13290 6602
14784 5966
14802 5966
14820 5966
17602 5968
6900 6036
17883 6056
17900 6074
17934 6110
17917 6092
17934 6127
17934 6144
17934 6178
19870 6140
17934 6161
7023 6388
7093 6599
7233 7021
17952 6178
17970 6178
17988 6178
18006 6178
18024 6178
18042 6178
18078 6178
18060 6178
18342 6513
18606 6848
19134 7518
13659 6443
20484 6475
11157 6477
13272 6619
13254 6636
13218 6670
13236 6653
13150 6670
12956 6811
12762 6952
12374 7234
13167 6670
13184 6670
13201 6670
20308 6985
20220 7161
20044 7513
7163 6810
7356 7232
7479 7443
7725 7865
12568 7093
10154 7516
9838 7868
9206 8572
18870 7183
12180 7410
11986 7586
11598 7938
20132 7337
19134 7535
19134 7552
19134 7586
19134 7569
19904 7584
19922 7901
19940 8218
19976 8852
7602 7654
11792 7762
7936 8147
8147 8429
8569 8993
11475 8237
11106 9134
9555 8147
9591 8482
9627 8817
9699 9487
9522 8220
19958 8535
11352 8536
9188 8660
9170 8748
9134 8924
12869 8574
12799 9014
12729 9454
12589 10334
8358 8711
9152 8836
20152 9116
20328 9380
20680 9908
9204 9029
9274 9134
9414 9344
8640 9081
8711 9169
8853 9345
14628 9135
14522 9188
14416 9241
14204 9347
9663 9152
9344 9239
8782 9257
14310 9294
9029 9398
9205 9451
9557 9557
14116 9435
14028 9523
13852 9699
9716 9804
9733 10121
9767 10755
9381 9504
13940 9611
20504 9644
13799 9857
13746 10015
13640 10331
12659 9894
20838 10172
20996 10436
21312 10964
13693 10173
12501 10528
12413 10722
12237 11110
17306 10408
17078 10426
16850 10444
16394 10480
17324 10408
17342 10408
17360 10408
17378 10408
17396 10408
17414 10408
17450 10408
17432 10408
17590 10514
17730 10620
18010 10832
9750 10438
16622 10462
16147 10568
15653 10744
16956 10618
16973 10706
16990 10794
17024 10970
16179 10621
16179 10761
16179 10901
16179 11041
16179 11112
16179 11181
16179 11270
16179 11428
16179 11744
15900 10656
21154 10700
17870 10726
18082 10832
18258 10920
18434 11008
18786 11184
9785 11089
9803 11423
9839 12091
15405 10831
15088 11059
14771 11287
14137 11743
18064 10832
17801 10833
17818 10885
17835 10937
17869 11041
17007 10882
15335 10899
15335 11005
15335 11111
15335 11323
16955 10900
16761 10953
16567 11006
16990 11041
17025 11182
17095 11464
12325 10916
21330 11105
21348 11246
21384 11528
17042 10970
17060 10970
17096 10970
17078 10970
17290 10988
17484 11006
17872 11042
17852 10989
17678 11024
17889 11148
17906 11254
17940 11466
16373 11059
18610 11096
12237 11462
12237 11814
12237 12166
12237 12518
12237 12764
12237 13010
12237 13502
17869 11111
18028 11130
18187 11148
18505 11184
18346 11166
16109 11183
15951 11218
15793 11253
15477 11323
16127 11324
16145 11465
16181 11747
18628 11289
18470 11394
18154 11604
15335 11217
14771 11392
14771 11428
14771 11464
14771 11500
14771 11535
14771 11536
14771 11605
14771 11675
14771 11815
15635 11288
15459 11446
15441 11569
15405 11815
17060 11323
17923 11360
21366 11387
15267 11395
15143 11430
15019 11465
15302 11500
15337 11605
15407 11815
17026 11464
16868 11517
16710 11570
16394 11676
17308 11499
17590 11534
18312 11499
14895 11500
14454 11515
21507 11528
21630 11528
21876 11528
21753 11528
21946 11616
22016 11704
22156 11880
17872 11569
16179 11586
14701 11603
14578 11656
14455 11709
14209 11815
16163 11606
16552 11623
12657 11672
12693 11954
12729 12236
12801 12800
15848 11729
15302 11782
14210 11888
15423 11692
15372 11710
14771 11745
9821 11757
14332 11762
22086 11792
14756 11835
22174 11985
22192 12090
22228 12300
9751 12249
9663 12407
9487 12723
20401 12165
20225 12447
20049 12729
19697 13293
22210 12195
22228 12424
22228 12548
22228 12796
9063 12443
8905 12461
8747 12479
8431 12515
9169 12513
9275 12583
8589 12497
8378 12603
8325 12691
8219 12867
12765 12518
9575 12565
9381 12653
22228 12672
8272 12779
22281 12884
22334 12972
22440 13148
12941 12958
13081 13116
13361 13432
8184 13078
8149 13289
8079 13711
21806 12936
21877 13183
21948 13430
22090 13924
19873 13011
22387 13060
22475 13517
22510 13886
22580 14624
17586 13223
17498 13258
17410 13293
17234 13363
17709 13276
17832 13329
18078 13435
12237 13256
13221 13274
17322 13328
17164 13398
17094 13433
17024 13468
15474 14243
17955 13382
13379 13450
13397 13468
13433 13504
18202 13505
18326 13575
18574 13715
13415 13486
8114 13500
16954 13503
16795 13538
16636 13573
16318 13643
16477 13608
16250 13643
16091 13731
15932 13819
15614 13995
16267 13643
16284 13643
16301 13643
18450 13645
22019 13677
7973 13799
7867 13887
7655 14063
18289 13713
18325 13766
18361 13819
18433 13925
16881 13715
16846 13768
16811 13821
16741 13927
18397 13872
16776 13874
15773 13907
22090 14100
22090 14276
22090 14628
16671 13962
16601 13997
16461 14067
7761 13975
15544 14119
15334 14491
16177 13995
16248 14013
16319 14031
16531 14032
16390 14049
7585 14292
7515 14521
7375 14979
22545 14255
15404 14367
8851 14412
8816 14536
8781 14660
8711 14908
22090 14452
15422 14579
15510 14667
15686 14843
22615 15047
22650 15470
22720 16316
7445 14750
15598 14755
8746 14784
15774 15001
15862 15159
16038 15475
8641 14978
8571 15048
8431 15188
7357 15278
7339 15577
7303 16175
8501 15118
16459 15121
16583 15280
16707 15439
16955 15757
8359 15188
8377 15188
8395 15188
8359 15364
8359 15540
8359 15892
8413 15188
15950 15317
16038 15510
16038 15545
16038 15615
16038 15580
16831 15598
16144 15756
16250 15897
16462 16179
8359 15716
7321 15876
8430 16015
8501 16138
8643 16384
22685 15893
16356 16038
7321 16527
7339 16879
7375 17583
16532 16408
16672 16866
8572 16261
22580 16315
22545 16350
22510 16385
22440 16455
22879 16702
23178 17089
23776 17863
8713 16455
8783 16526
8923 16668
22475 16420
22405 17353
22370 18251
22300 20047
8853 16597
16602 16637
9204 17019
9081 17177
8958 17335
8712 17651
9310 17142
9416 17265
9628 17511
20329 17092
20118 17109
19907 17126
19485 17160
20505 17127
20681 17162
21033 17232
16743 17095
16743 17271
16743 17623
19696 17143
19327 17213
19169 17266
18853 17372
20857 17197
7357 17231
20998 17320
20963 17408
20893 17584
19906 17300
19977 17388
20048 17476
20190 17652
19011 17319
18817 17425
18781 17478
18709 17584
9522 17388
16743 17447
23477 17476
8835 17493
20928 17496
9909 17934
10190 18357
10752 19203
19202 17511
19167 17599
19132 17687
19062 17863
18745 17531
20119 17564
7498 17706
7621 17829
7867 18075
14837 17584
14538 17619
14239 17654
13641 17724
14855 17601
14873 17618
14909 17652
20840 17672
20787 17760
20681 17936
14891 17635
8518 17810
8324 17969
7936 18287
15085 17705
15261 17758
15613 17864
18709 17652
18797 17776
18885 17900
19061 18148
20190 17758
20190 17864
20190 18076
19694 17653
19659 17671
19624 17689
19554 17725
13940 17689
19589 17707
13518 17794
13395 17864
13149 18004
19554 17777
19554 17829
19554 17933
19097 17775
16742 17799
16742 17940
16742 18081
16742 18363
15437 17811
20734 17848
14837 17863
14890 17951
14943 18039
15049 18215
19097 17934
19132 18005
19202 18147
23882 18198
23988 18533
24200 19203
15631 17882
15649 17900
15685 17936
19554 17881
15667 17918
14062 17933
14010 17986
13958 18039
13854 18145
13272 17934
15685 17971
15685 18006
15685 18076
20470 17989
20259 18042
19837 18148
7744 17952
20190 17970
7372 18003
7320 18672
7268 19341
7164 20679
7425 18091
7478 18179
7584 18355
13077 18004
13271 18163
13465 18322
13853 18640
18973 18024
15685 18041
15597 18199
15509 18322
15333 18568
19167 18076
14343 18077
14343 18129
14343 18181
14343 18285
13906 18092
14362 18094
14380 18111
14416 18145
20048 18095
14996 18127
8130 18128
14398 18128
13906 18251
13958 18357
14062 18569
19255 18148
19449 18148
19643 18148
15032 18286
15015 18357
14981 18499
16742 18222
14343 18233
7531 18267
7848 18304
7760 18321
7672 18338
14998 18428
15421 18445
14010 18463
13659 18481
15139 18586
14945 18604
14557 18640
14751 18622
14011 18640
14169 18640
14327 18640
14485 18640
14503 18640
14521 18640
14539 18640
10471 18780
21457 18782
21176 18941
20895 19100
20333 19418
21141 18835
20825 18888
20193 18994
12305 18853
12464 19082
12623 19311
12941 19769
24094 18868
20509 18941
12446 18993
12675 19169
12904 19345
13362 19697
12798 19345
12834 19381
12870 19417
12942 19489
20052 19047
19911 19100
19629 19206
21601 18994
21108 19047
20615 19100
19345 19134
19451 19240
19557 19346
19769 19558
21529 19134
21353 19187
21177 19240
20825 19346
21001 19187
20473 19240
19417 19346
22335 19149
19770 19153
20122 19153
10963 19643
11174 20083
11596 20963
24288 19660
24376 20117
24552 21031
12939 19205
12957 19223
12975 19241
13011 19277
12993 19259
20614 19259
13152 19453
13293 19629
13575 19981
19945 19293
21001 19293
13925 19345
13943 19345
13961 19345
13997 19345
13979 19345
14032 19381
14067 19417
14137 19489
20545 19346
20580 19346
20615 19346
20650 19346
20685 19346
20720 19346
20755 19346
19646 19364
19875 19382
20509 19364
20473 19382
20401 19418
20790 19346
20104 19400
20437 19400
16250 19417
16267 19417
16284 19417
16318 19417
15739 19487
15228 19557
14206 19697
16301 19417
16230 19558
16142 19699
15966 19981
20278 19471
20155 19524
19909 19630
19663 19452
12906 19453
14102 19453
13241 19541
13540 19593
14138 19697
14278 19559
14419 19629
14701 19769
13133 19521
12782 19540
13361 19557
13643 19610
13925 19663
14489 19769
19804 19576
19839 19594
20032 19577
15562 19592
15439 19627
15193 19697
19874 19612
14717 19627
16389 19629
16389 19664
16389 19699
16389 19769
13839 19645
15316 19662
14155 19697
14172 19697
14189 19697
15121 19697
15139 19697
15157 19697
13573 19768
13784 19839
14206 19981
15051 19715
14981 19733
14841 19769
15175 19697
14560 19699
14207 19716
16389 19734
14911 19751
14647 19769
14718 19769
14735 19769
14752 19769
14769 19769
14787 19769
14805 19769
14823 19769
14963 19769
15121 19769
15139 19769
15157 19769
15175 19769
15193 19769
15211 19769
15229 19769
15247 19769
13064 19822
13187 19875
13433 19981
15265 19769
16284 19875
15969 20193
13434 19805
16054 19840
15615 19909
15422 19927
15229 19945
14843 19981
13995 19910
13310 19928
15036 19963
13592 19981
13609 19981
13626 19981
13643 19981
13802 19981
13961 19981
14120 19981
14279 19981
14296 19981
14313 19981
14330 19981
14347 19981
14471 19981
14595 19981
14629 19981
14719 19981
15052 19981
15475 19981
15898 19981
15915 19981
15932 19981
13574 19998
13715 20015
13997 20049
15949 19981
7216 20010
13856 20032
22106 20328
21912 20609
21524 21171
14014 20049
14031 20049
14065 20049
14048 20049
14329 20085
14593 20121
15121 20193
16074 20087
14857 20157
15315 20210
15509 20227
15897 20261
15951 20210
15933 20227
15703 20244
15915 20244
11385 20523
24464 20574
7252 21559
7340 22439
7516 24199
21718 20890
11984 21315
12372 21667
13148 22371
18076 21031
17900 21225
17724 21419
17372 21807
18340 21383
18604 21735
19132 22439
24587 21647
24622 22263
24692 23495
21366 21523
21208 21875
20892 22579
15188 21523
15276 21541
15364 21559
15540 21595
15188 21611
15188 21699
15188 21875
15452 21577
15751 21912
15962 22229
16384 22863
17548 21613
15188 21787
17389 21860
17406 21913
17440 22019
14977 22016
14766 22157
14344 22439
17423 21966
12760 22019
17546 22212
17652 22405
17864 22791
18868 22087
21050 22227
14555 22298
13253 22529
13358 22687
13568 23003
14397 22615
14450 22791
14556 23143
19431 22721
19730 23003
20328 23567
16173 22546
20751 22826
20610 23073
17758 22598
16876 22651
16753 22704
16630 22757
17017 22669
17158 22687
17440 22723
17299 22705
17458 22723
17476 22723
17512 22723
17494 22723
17600 22740
17688 22757
17776 22774
16507 22810
13463 22845
24657 22879
14503 22967
13586 23021
13604 23039
13640 23075
13622 23057
13921 23198
14202 23321
14764 23567
14608 23249
14660 23355
20029 23285
7428 23319
20469 23320
14483 23444
14712 23461
24639 23742
24586 23989
24480 24483
7621 24604
7726 25009
7936 25819
24533 24236
24445 24729
24410 24975
24340 25467
24375 25221
7831 25414
24252 25749
24164 26031
23988 26595
8218 26312
8500 26805
9064 27791
24076 26313
23706 27035
23424 27475
22860 28355
8782 27298
9451 28108
9838 28425
10612 29059
23142 27915
22614 28654
22368 28953
21876 29551
10225 28742
11122 29393
11632 29727
12652 30395
22122 29252
18496 29267
18320 29426
18144 29585
17792 29903
18725 29391
18954 29515
19412 29763
21559 29604
21242 29657
20608 29763
19183 29639
20925 29710
17968 29744
19711 29763
20010 29763
20309 29763
17440 29991
17088 30079
16384 30255
12142 30061
16736 30167
15979 30308
15574 30361
14764 30467
13180 30413
13708 30431
15169 30414
14236 30449